%YAML:1.0

#--------------------------------------------------------------------------------------------
# Camera Parameters. Adjust them!
#--------------------------------------------------------------------------------------------
File.version: "1.0"
Camera.type: "KannalaBrandt8"
# Camera calibration and distortion parameters (OpenICC https://github.com/urbste/OpenImuCameraCalibrator) 
Camera1.fx: 423.71585449562093 # 190.97847715128717
Camera1.fy: 423.71585449562093 # 190.9733070521226
Camera1.cx: 672.1392350893199 # 254.93170605935475
Camera1.cy: 505.32339610242286 # 256.8974428996504

Camera1.k1: -0.002708712287965441 # 0.0034823894022493434
Camera1.k2: -0.025497755711434273 # 0.0007150348452162257
Camera1.k3: 0.01728492397543373 # -0.0020532361418706202
Camera1.k4: -0.007557104312036604 # 0.00020293673591811182

# Camera resolution
Camera.width: 1352
Camera.height: 1014

# Camera frames per second 
Camera.fps: 60

# Color order of the images (0: BGR, 1: RGB. It is ignored if images are grayscale)
Camera.RGB: 1
    
# Transformation from camera to imu (body frame)
# calibrated with OpenICC https://github.com/urbste/OpenImuCameraCalibrator
IMU.T_b_c1: !!opencv-matrix
    rows: 4
    cols: 4
    dt: f
# permuted calibration
# perm_mat = np.array([
# [0,0,1,0],
# [1,0,0,0],
# [0,1,0,0],
# [0,0,0,1]
# ])
# mat = perm_mat @ open_cam_imu_tbc
# # old data (gopro10)
    data: [ 0.00156717, -0.99997878,  0.00632289, -0.01321271, -0.99996531,
       -0.00161881, -0.00817069, -0.00330095,  0.00818075, -0.00630987,
       -0.99994663, -0.05175258,  0.        ,  0.        ,  0.        ,
        1.        ]

# gopro(12 black data) might be wrong
    # data: [0.00851014,  0.99962455, -0.02604494,  0.00573541,
    #     0.99836608,  -0.00996542, -0.05626594, -0.00944597,
    #     -0.05650436, -0.02552355, -0.99807605, -0.0217697,
    #     0.,          0.,           0.,          1.       ]

# IMU noise -> use OpenICC https://github.com/urbste/OpenImuCameraCalibrator
IMU.NoiseGyro: 0.0015 # rad/s^0.5 
IMU.NoiseAcc: 0.017 # m/s^1.5
IMU.GyroWalk: 5.0e-5 # rad/s^1.5
IMU.AccWalk: 0.0055 # m/s^2.5
IMU.Frequency: 200.0

System.thFarPoints: 20.0 # meters

#--------------------------------------------------------------------------------------------
# ORB Parameters
#--------------------------------------------------------------------------------------------

# ORB Extractor: Number of features per image
# ORBextractor.nFeatures: 5000 # Tested with 1250
ORBextractor.nFeatures: 2000

# ORB Extractor: Scale factor between levels in the scale pyramid 	
ORBextractor.scaleFactor: 1.2

# ORB Extractor: Number of levels in the scale pyramid	
ORBextractor.nLevels: 8
# ORBextractor.nLevels: 6

# ORB Extractor: Fast threshold
# Image is divided in a grid. At each cell FAST are extracted imposing a minimum response.
# Firstly we impose iniThFAST. If no corners are detected we impose a lower value minThFAST
# You can lower these values if your images have low contrast			
# ORBextractor.iniThFAST: 20
# ORBextractor.minThFAST: 7
ORBextractor.iniThFAST: 20 # 20
ORBextractor.minThFAST: 7 # 7

#--------------------------------------------------------------------------------------------
# Viewer Parameters
#--------------------------------------------------------------------------------------------
Viewer.KeyFrameSize: 0.05
Viewer.KeyFrameLineWidth: 1.0
Viewer.GraphLineWidth: 0.9
Viewer.PointSize: 2.0
Viewer.CameraSize: 0.08
Viewer.CameraLineWidth: 3.0
Viewer.ViewpointX: 0.0
Viewer.ViewpointY: -0.7
Viewer.ViewpointZ: -3.5 # -1.8
Viewer.ViewpointF: 500.0
Viewer.imageViewScale: 0.5